281
36
6
1
437
179
17
1
1018
379
29
1
671
347
27
1
2059
769
80
1
4130
253
96
1
658456
9235
7765
1
2555
289
105
1
1514
177
49
1
26609
213
101
1
840
9
6
1
175
8
4
1
838
5
3
1
448
8
5
1
375
3
3
1
847
7
4
1
95
2
2
1
53
1
1
1
844
6
3
1
159
1
1
1
224
3
2
1
282
2
2
1
172
5
2
1
837
9
6
1
480
2
1
1
5479
43
23
1
159
1
1
1
2801
20
13
1
159
1
1
1
159
1
1
1
172
1
1
1
157364
1090
613
1
1210
9
4
1
847
8
5
1
177
5
3
1
841
5
5
1
55
1
1
1
172
2
2
1
160
1
1
1
398
4
3
1
843
9
4
1
841
6
4
1
132
2
2
1
847
10
5
1
587
4
2
1
238
3
1
1
2941
25
15
1
1566
12
10
1
172
3
1
1
159
1
1
1
159
1
1
1
155
2
1
1
2220396
16324
8203
1
433
5
4
1
174
1
1
1
1283
12
8
1
412
5
1
1
214
2
2
1
833
10
6
1
843
6
5
1
4688
29
18
1
167
2
2
1
298
5
1
1
177
2
1
1
419
3
2
1
160
1
1
1
85
1
1
1
160
1
1
1
173
2
2
1
840
8
4
1
221
4
1
1
160
2
2
1
160
1
1
1
158
2
1
1
86
1
1
1
254
2
2
1
408
3
2
1
177
5
4
1
413
5
3
1
495
4
2
1
3692
24
11
1
172
4
3
1
175
2
1
1
220
2
2
1
1292
15
9
1
898
11
4
1
159
2
1
1
178
5
4
1
170
2
1
1
76
2
1
1
2790
18
10
1
840
6
4
1
1219
15
7
1
174
4
2
1
175
4
2
1
1263
7
3
1
159
1
1
1
842
9
7
1
224609
1596
879
1
176
2
1
1
63
2
2
1
159
1
1
1
611
4
3
1
849
5
2
1
1230
13
7
1
159
1
1
1
231
2
1
1
354
2
2
1
159
1
1
1
258
2
2
1
829
3
2
1
843
10
8
1
216
1
1
1
159
2
2
1
844
9
5
1
159
2
2
1
55
1
1
1
1499
13
6
1
4261
43
26
1
45
1
1
1
177
2
2
1
1569
16
10
1
840
10
8
1
81593
519
295
1
58
2
2
1
2093
17
5
1
1311
9
7
1
363
5
5
1
4712
43
28
1
179
4
3
1
224625
1611
838
1
829
6
5
1
159
1
1
1
5507
38
22
1
95376
633
328
1
160
2
2
1
173
2
1
1
849
7
5
1
85
2
1
1
692
9
6
1
82
2
3
1
131
3
2
1
252
2
2
1
177
2
1
1
320
3
1
1
253
2
2
1
174
5
3
1
100
1
1
1
469
4
2
1
159
1
1
1
169
4
3
1
846
9
6
1
315
3
2
1
221
1
1
1
384
5
4
1
171
2
1
1
159
1
1
1
127
2
2
1
2233013
16182
8040
1
639
5
3
1
2952
27
12
1
83
1
1
1
1229
14
8
1
846
9
6
1
500
5
4
1
16
1
1
1
858
4
4
1
349
3
2
1
174
2
2
1
221
2
1
1
177
3
2
1
539
7
3
1
1241
12
9
1
86
2
3
1
844
8
5
1
602
6
5
1
85
1
1
1
836
5
4
1
160
1
1
1
160
1
1
1
371
3
3
1
17
1
1
1
125
1
1
1
258
2
2
1
846
10
5
1
92
3
3
1
163622
1092
628
1
845
6
3
1
174
3
2
1
1265
8
5
1
55
1
1
1
1317
20
10
1
159
1
1
1
846
10
7
1
159
1
1
1
2088
20
13
1
160885
1043
566
1
847
9
5
1
150021
1077
616
1
163049
1030
497
1
1473
7
5
1
867
5
4
1
222
3
1
1
692
5
2
1
197
3
2
1
159
2
2
1
4238
37
17
1
51
1
1
1
169
3
3
1
159
1
1
1
173
3
1
1
55
1
1
1
45
2
2
1
178
1
1
1
837
3
2
1
173
2
2
1
91
3
2
1
258
2
2
1
45
1
1
1
173
4
3
1
240
43
6
1
69
8
1
1
264
29
11
1
41
1
1
1
41
1
1
1
189
32
8
1
478
80
15
1
544
83
24
1
1638
284
49
1
3610
564
128
1
1348
234
53
1
424
69
14
1
1492
256
42
1
896
166
24
1
3079
504
109
1
416
76
13
1
4898
1068
169
1
73
10
1
1
217
15
1
1
152
8
1
1
217
15
1
1
23
2
1
1
575
118
28
1
501
68
14
1
1866
152
27
1
4154
253
96
1
658472
9264
7747
1
2557
289
105
1
1525
177
49
1
85
14
1
1
650
54
16
1
4757
423
135
1
535
45
46
1
8148
535
143
1
483384
7938
6988
1
297
36
10
1
413
34
13
1
619
32
15
1
568
36
15
1
249
19
1
1
106
15
6
1
615320
8936
7811
1
305760
4623
4106
1
643040
9178
7744
1
1052
85
25
1
411
6
6
1
2886
248
58
1
354
28
28
1
4221
332
99
1
297
36
10
1
275
25
10
1
232
20
6
1
219
21
6
1
104
7
2
1
43
6
3
1
44
5
3
1
643040
9178
7744
1
638
73
22
1
2497
179
58
1
46401
3699
489
1
16712
61
3
1
20271
2746
671
1
16720
63
4
1
20091
2756
660
1
16560
48
3
1
5424
166
88
1
402
20
15
1
16552
48
3
1
2420
125
76
1
2
1
1
1
20893
1782
589
1
7546128
60316
38769
1
8672
886
309
1
3703
237
88
1
1320
177
98
1
34319
4522
1911
1
1415
180
94
1
2054
275
148
1
1131
120
68
1
110
1
1
1
244
22
22
1
2264
217
76
1
214
19
8
1
1
0
1
1
316
44
11
1
85
14
1
1
2246
217
76
1
212
19
8
1
1
0
1
1
316
44
11
1
2192
217
76
1
206
19
8
1
1
0
1
1
316
44
11
1
2300
217
76
1
218
19
8
1
1
0
1
1
316
44
11
1
644
54
16
1
2192
217
76
1
206
19
8
1
1
0
1
1
316
44
11
1
2228
217
76
1
210
19
8
1
1
0
1
1
316
44
11
1
2336
217
76
1
222
19
8
1
1
0
1
1
316
44
11
1
2102
217
76
1
196
19
8
1
1
0
1
1
316
44
11
1
2282
217
76
1
216
19
8
1
1
0
1
1
316
44
11
1
4715
423
135
1
2354
217
76
1
224
19
8
1
1
0
1
1
316
44
11
1
2246
217
76
1
212
19
8
1
1
0
1
1
316
44
11
1
532
45
46
1
8124
535
143
1
483368
7972
6982
1
298
35
10
1
413
34
13
1
595
32
15
1
556
36
15
1
250
18
1
1
106
15
6
1
615312
8882
7812
1
305752
4633
4106
1
643024
9149
7762
1
1022
85
25
1
375
6
6
1
2780
248
58
1
2210
217
76
1
208
19
8
1
1
0
1
1
316
44
11
1
2300
217
76
1
218
19
8
1
1
0
1
1
316
44
11
1
2300
217
76
1
218
19
8
1
1
0
1
1
316
44
11
1
2174
217
76
1
204
19
8
1
1
0
1
1
316
44
11
1
2156
217
76
1
202
19
8
1
1
0
1
1
316
44
11
1
2264
217
76
1
214
19
8
1
1
0
1
1
316
44
11
1
351
28
28
1
4188
332
99
1
298
35
10
1
275
25
10
1
226
20
6
1
216
21
6
1
112
7
2
1
43
6
3
1
44
5
3
1
643024
9149
7762
1
626
73
22
1
2494
179
58
1
2300
217
76
1
218
19
8
1
1
0
1
1
316
44
11
1
2264
217
76
1
214
19
8
1
1
0
1
1
316
44
11
1
2300
217
76
1
218
19
8
1
1
0
1
1
316
44
11
1
2210
217
76
1
208
19
8
1
1
0
1
1
316
44
11
1
2246
217
76
1
212
19
8
1
1
0
1
1
316
44
11
1
2192
217
76
1
206
19
8
1
1
0
1
1
316
44
11
1
46043
3699
489
1
2282
217
76
1
216
19
8
1
1
0
1
1
316
44
11
1
2318
217
76
1
220
19
8
1
1
0
1
1
316
44
11
1
2336
217
76
1
222
19
8
1
1
0
1
1
316
44
11
1
2264
217
76
1
214
19
8
1
1
0
1
1
316
44
11
1
16712
61
3
1
20271
2746
671
1
16720
63
4
1
20091
2756
660
1
16560
48
3
1
5448
166
88
1
402
20
15
1
16552
48
3
1
2424
125
76
1
2246
217
76
1
212
19
8
1
1
0
1
1
316
44
11
1
2
1
1
1
20925
1781
590
1
7546112
60397
38906
1
812
102
30
1
8642
886
309
1
5322
1832
1832
1
3673
237
88
1
3380
881
132
1
2830
1029
139
1
679
126
29
1
1558
364
56
1
